=======================================
Task II
Top 2 central nodes : 11 , 7
=======================================
Task III : Edge Centrality
=======================================
Edge	Centrality
1-7	|42
2-7	|8
3-7	|38
4-7	|10
5-7	|36
6-7	|112
3-8	|8
4-8	|36
18-6	|286
10-18	|96
10-9	|30
11-18	|192
11-9	|38
11-12	|38
10-13	|36
11-13	|32
11-14	|72
11-15	|40
14-16	|44
10-17	|30
11-17	|38
2-3	|34
3-4	|34
2-6	|58
4-6	|114
4-5	|34
10-11	|10
12-13	|8
13-14	|12
=======================================
Most Central Edge : (18 , 6) 
=======================================



=======================================
Task IV
=======================================
Laplacian matrix
=======================================
1,0,0,0,0,0,-1,0,0,0,0,0,0,0,0,0,0,0
0,3,-1,0,0,-1,-1,0,0,0,0,0,0,0,0,0,0,0
0,-1,4,-1,0,0,-1,-1,0,0,0,0,0,0,0,0,0,0
0,0,-1,5,-1,-1,-1,-1,0,0,0,0,0,0,0,0,0,0
0,0,0,-1,2,0,-1,0,0,0,0,0,0,0,0,0,0,0
0,-1,0,-1,0,4,-1,0,0,0,0,0,0,0,0,0,0,-1
-1,-1,-1,-1,-1,-1,6,0,0,0,0,0,0,0,0,0,0,0
0,0,-1,-1,0,0,0,2,0,0,0,0,0,0,0,0,0,0
0,0,0,0,0,0,0,0,2,-1,-1,0,0,0,0,0,0,0
0,0,0,0,0,0,0,0,-1,5,-1,0,-1,0,0,0,-1,-1
0,0,0,0,0,0,0,0,-1,-1,8,-1,-1,-1,-1,0,-1,-1
0,0,0,0,0,0,0,0,0,0,-1,2,-1,0,0,0,0,0
0,0,0,0,0,0,0,0,0,-1,-1,-1,4,-1,0,0,0,0
0,0,0,0,0,0,0,0,0,0,-1,0,-1,3,0,-1,0,0
0,0,0,0,0,0,0,0,0,0,-1,0,0,0,1,0,0,0
0,0,0,0,0,0,0,0,0,0,0,0,0,-1,0,1,0,0
0,0,0,0,0,0,0,0,0,-1,-1,0,0,0,0,0,2,0
0,0,0,0,0,-1,0,0,0,-1,-1,0,0,0,0,0,0,3
=======================================
Normalized Laplacian matrix
=======================================
1,0,0,0,0,0,-0.4082482904638631,0,0,0,0,0,0,0,0,0,0,0
0,1,-0.2886751345948129,0,0,-0.2886751345948129,-0.23570226039551587,0,0,0,0,0,0,0,0,0,0,0
0,-0.2886751345948129,1,-0.22360679774997896,0,0,-0.20412414523193154,-0.35355339059327373,0,0,0,0,0,0,0,0,0,0
0,0,-0.22360679774997896,1,-0.31622776601683794,-0.22360679774997896,-0.18257418583505536,-0.31622776601683794,0,0,0,0,0,0,0,0,0,0
0,0,0,-0.31622776601683794,1,0,-0.2886751345948129,0,0,0,0,0,0,0,0,0,0,0
0,-0.2886751345948129,0,-0.22360679774997896,0,1,-0.20412414523193154,0,0,0,0,0,0,0,0,0,0,-0.2886751345948129
-0.4082482904638631,-0.23570226039551587,-0.20412414523193154,-0.18257418583505536,-0.2886751345948129,-0.20412414523193154,1,0,0,0,0,0,0,0,0,0,0,0
0,0,-0.35355339059327373,-0.31622776601683794,0,0,0,1,0,0,0,0,0,0,0,0,0,0
0,0,0,0,0,0,0,0,1,-0.31622776601683794,-0.25,0,0,0,0,0,0,0
0,0,0,0,0,0,0,0,-0.31622776601683794,1,-0.15811388300841897,0,-0.22360679774997896,0,0,0,-0.31622776601683794,-0.2581988897471611
0,0,0,0,0,0,0,0,-0.25,-0.15811388300841897,1,-0.25,-0.17677669529663687,-0.20412414523193154,-0.35355339059327373,0,-0.25,-0.20412414523193154
0,0,0,0,0,0,0,0,0,0,-0.25,1,-0.35355339059327373,0,0,0,0,0
0,0,0,0,0,0,0,0,0,-0.22360679774997896,-0.17677669529663687,-0.35355339059327373,1,-0.2886751345948129,0,0,0,0
0,0,0,0,0,0,0,0,0,0,-0.20412414523193154,0,-0.2886751345948129,1,0,-0.5773502691896258,0,0
0,0,0,0,0,0,0,0,0,0,-0.35355339059327373,0,0,0,1,0,0,0
0,0,0,0,0,0,0,0,0,0,0,0,0,-0.5773502691896258,0,1,0,0
0,0,0,0,0,0,0,0,0,-0.31622776601683794,-0.25,0,0,0,0,0,1,0
0,0,0,0,0,-0.2886751345948129,0,0,0,-0.2581988897471611,-0.20412414523193154,0,0,0,0,0,0,1
=======================================
No Complex Eigen Values found
=======================================
Eigen Values
=======================================
9.03911132503725,7.129883262627937,6.505667586096615,6.27141428331953,4.606284806455892,4.601945358036733,4.2655615472500275,2.9504796237256,2.601363414820432,1.9334074170466187,1.9952328210319035,1.7576440951166994,1.5876022511426626,1.036268958096723,0.947464446621431,0.6491390611578554,0.12152974241615132,-1.3813844561213333e-16
=======================================
=======================================
Eigen Vectors
=======================================
0.0011501507794305877,0.1465951962717366,-0.007940852669674875,0.00944140442151304,-0.026006271478294058,-0.03667616507564492,0.021185827644331634,-0.01123169087090052,0.06432158795199684,-0.06359121960473794,-0.017006600223492596,0.17160180653268595,0.01995497891622309,0.08149404176967019,0.8856603741852126,0.05660691511576441,-0.2960551971224438,0.23570226039551526
-0.004524544271312832,0.11733392700962682,-0.21144050762449926,-0.11178023265931653,-0.3280362651082278,-0.3559587420948977,0.28921879940428097,0.11614146620944049,-0.466355689688417,0.47720361906566905,0.12767619446271136,-0.07499723411199558,-0.04697627810812832,-0.008944478856675892,-0.10853797600626724,0.007564323305756233,-0.2464606209834678,0.2357022603955154
0.004120874157343953,0.21093647303318752,0.2885970515680353,0.23222372791026374,0.6398501540189219,0.24156527897299226,0.3180008536335068,0.0662014584349145,-0.19786302555784996,0.07688908834818815,0.020580736208307977,0.18775891777565662,0.028991029064867897,-0.041939703575199765,-0.18020731707858575,0.02179751068483175,-0.2704811560769871,0.2357022603955153
-0.007470695220496169,0.20145454487129144,-0.6301577714642354,-0.4049943234239734,0.17714422677476102,0.3387117639751334,-0.2940482508192025,-0.02093144349346422,0.054922230067982865,-0.09683060554229839,-0.025909095585415445,-0.029023215777100167,0.01703442221239858,-0.03388272147309392,-0.16250049818770193,0.016939301137727503,-0.26007582988829187,0.23570226039551526
0.0023748573471706227,0.13590051298762318,0.13026249356577657,0.10662700982920965,-0.10660440187523705,-0.18243604114625456,0.16035060879854324,-0.0010268605045340297,0.07995137491662399,-0.5284946599161173,-0.14143244365468272,-0.6560468979291875,0.012872057817858853,-0.03810641450857315,-0.11017028118247542,0.027242224171308657,-0.2769016507253719,0.2357022603955154
0.03244954219519328,0.20310415652195488,0.40832387450140606,0.18221772393864558,-0.22185520405231224,0.18213925616301185,-0.6147267179075164,-0.08234813012709404,0.11495662907177918,0.3752952359883112,0.10040638923397871,-0.15087312714505663,-0.08361450101002448,0.02721695288603094,-0.08910975684197532,-0.02387599387903079,-0.17887272581438074,0.23570226039551562
-0.009246188386268747,-0.8986112569900939,0.04376309987599853,-0.04980883816602132,0.09204704234518589,0.13086489946873406,-0.06917045813818826,0.021906075945229867,-0.10300204421088742,0.059066632422191755,0.01579788447896039,-0.13001850483272054,-0.011725678595897068,-0.0028542351368500566,0.046537994519728905,0.019861155382474623,-0.2600756852751901,0.23570226039551528
0.00047588678993364233,-0.08039027721554007,0.07585185609835005,0.040536018308203005,-0.3176332791571061,-0.22880321289461075,-0.010536146382172349,-0.04763290998400748,0.23769589680324255,-0.28016016614030953,-0.07492954415167437,0.6550677865962354,0.11160533152726825,-0.07863721200339546,-0.32559356765928676,0.028675647291838635,-0.2824409829345391,0.2357022603955153
-0.11745340439208905,-0.005394251157365251,-0.08395768883971565,0.16131514919494705,0.04221969149242597,-0.07665151832543045,-0.13886774115359515,-0.07601688114015182,-0.2564385329330401,-0.3688077083224792,0.6333058180238313,0.08832632551537618,-0.34537272285828796,0.22917845541827292,-0.007992170691296858,-0.19876241421726915,0.20686879906048153,0.23570226039551626
-0.11069341642255823,0.04639033344196514,0.41297756006265995,-0.6791407801590267,-0.14957361916509143,0.24416023459622732,0.2895110995827893,0.01944036080942161,0.1107088307753295,-0.010635533963293286,-0.002844782784918151,0.018600298833012677,-0.15872774330540834,0.1893940464299653,-0.01450383338199033,-0.15266542792064788,0.18646788832584962,0.23570226039551626
0.9374610053779309,-0.018716507894819583,-0.03389331370498483,-0.010318735683136434,0.03590290209478548,-0.04266564094175826,0.02512971981327611,0.05281655411962522,0.04350523082668038,-0.0026337213276628273,-0.0007045467728134908,0.002797945143491705,0.01629676447308598,0.031471429540442034,0.006118046230364116,-0.1158349535554238,0.20212899793135464,0.23570226039551626
-0.11710075722963631,0.006266629117291252,0.051582620472429515,-0.09081656000184044,0.12476030321891206,-0.1809783875191148,-0.11168485199467178,-0.4160177910036373,-0.1716106143898036,0.02113925641152712,0.005653712764673332,-0.05020404294378034,0.7496331847925134,0.17226073818963622,0.004480710315810328,-0.10536340154138157,0.22522627557192088,0.23570226039551642
-0.1131757389166699,-0.013431764514094223,-0.1989706113548233,0.39848927892964037,-0.36964452202625153,0.5195168726015504,0.227963861771405,0.3426028361274819,0.05970228210296487,0.004138332834958701,0.001106569481931481,-0.014963781015442587,0.2928502991703654,0.1345421045026902,-0.0013822036508481838,-0.026496349970368878,0.22095186195688252,0.23570226039551634
-0.1393616841935424,0.008104019541635988,0.06986060798955183,-0.12584328890408533,0.2376522572703418,-0.35084486079035854,-0.2636800475670847,0.7033285049103607,0.1008924458287325,0.0007008183492238451,0.00018729560392780563,-0.004748122579417373,0.0992692041884403,0.005620239040465532,-0.00029873465287953634,0.28507819887985303,0.2431320631284153,0.23570226039551628
-0.1166125169110921,0.0030532990254116704,0.0061578298985531825,0.0019632728098124596,-0.009801597039170178,0.011716909283420304,-0.007696656358808976,-0.027078512071404777,-0.02716732746032876,0.002835797659608295,0.0007585735786614278,-0.0036926178945022735,-0.02773434333348609,-0.8673497216624877,0.11834684997750228,-0.33014491136483903,0.23009202211044916,0.23570226039551628
0.01733545892610572,-0.001322003232704496,-0.012667390350238011,0.023860877637851764,-0.06463016040764837,0.09654549169256514,0.08073513221860026,-0.3605920363809594,-0.06300021095802788,-0.0007541499344634801,-0.0002014964925161322,0.006266986337913431,-0.16893946068117258,-0.15497693040205718,-0.005348362172784259,0.8125105057879126,0.27676755249190527,0.23570226039551628
-0.11745340439208922,-0.005394251157365253,-0.08395768883971542,0.16131514919494663,0.04221969149242621,-0.0766515183254308,-0.1388677411535954,-0.07601688114015187,-0.2564385329335555,-0.003281156035056284,-0.7328531536138518,0.0883878620351065,-0.34537272247878464,0.22917845541827384,-0.007992170691297274,-0.19876241421726928,0.2068687990604817,0.2357022603955163
-0.14227542523735176,-0.055878779659741085,-0.22439116918487234,0.15471314682236637,0.2019890516015793,-0.23355461964013466,0.237182708608101,-0.2035441198401703,0.675219469786578,0.33792013970673984,0.09040848944238393,-0.10424038454027423,-0.1600438217918334,0.12633495442288514,-0.04750710303123072,-0.12436991509123664,0.07285958918292366,0.23570226039551614
=======================================
=======================================
Min Eigen Value
=======================================
-1.3813844561213333e-16
=======================================
=======================================
Min Eigen Vector
=======================================
0.23570226039551526,0.2357022603955154,0.2357022603955153,0.23570226039551526,0.2357022603955154,0.23570226039551562,0.23570226039551528,0.2357022603955153,0.23570226039551626,0.23570226039551626,0.23570226039551626,0.23570226039551642,0.23570226039551634,0.23570226039551628,0.23570226039551628,0.23570226039551628,0.2357022603955163,0.23570226039551614
=======================================
=======================================
Second Min Eigen Value
=======================================
0.12152974241615132
=======================================
=======================================
Second Min Eigen Vector
=======================================
-0.2960551971224438,-0.2464606209834678,-0.2704811560769871,-0.26007582988829187,-0.2769016507253719,-0.17887272581438074,-0.2600756852751901,-0.2824409829345391,0.20686879906048153,0.18646788832584962,0.20212899793135464,0.22522627557192088,0.22095186195688252,0.2431320631284153,0.23009202211044916,0.27676755249190527,0.2068687990604817,0.07285958918292366
=======================================



=======================================
Task VII
=======================================
Red house would be chosen to make friends with.
=======================================



=======================================
Bonus 1
=======================================
Min Eigen Value
=======================================
-4.938256348282364e-16
=======================================
Min Eigen Vector
=======================================
0.23570226039552009,0.2357022603955189,0.23570226039551911,0.23570226039551875,0.23570226039551842,0.2357022603955176,0.23570226039551878,0.23570226039551934,0.23570226039551334,0.23570226039551395,0.23570226039551329,0.23570226039551317,0.23570226039551326,0.23570226039551323,0.23570226039551284,0.23570226039551284,0.23570226039551334,0.23570226039551465
=======================================
Second Min Eigen Value
=======================================
0.12152974241615241
=======================================
Second Min Eigen Vector
=======================================
-0.2960551971224381,-0.24646062098346416,-0.27048115607698325,-0.2600758298882881,-0.27690165072536815,-0.1788727258143775,-0.2600756852751866,-0.28244098293453535,0.20686879906048494,0.1864678883258529,0.20212899793135833,0.22522627557192426,0.220951861956886,0.24313206312841892,0.2300920221104524,0.2767675524919095,0.20686879906048508,0.07285958918292662
=======================================
=======================================



=======================================
Bonus 3
=======================================
=======================================
Max Eigen Value
=======================================
9.03911132503725
=======================================
Max Eigen Vector
=======================================
-0.0011501498522757097,0.004524545013363307,-0.004120872823199517,0.007470696494493696,-0.002374856487630188,-0.03244954091056184,0.00924618270291964,-0.000475887298355558,0.1174534043579563,0.11069341671603894,-0.9374610054963098,0.11710075726928042,0.1131757388316805,0.13936168424481024,0.11661251693040406,-0.0173354589344693,0.1174534043579563,0.14227542488389752
=======================================
Second Max Eigen Value
=======================================
7.129883263460038
=======================================
Second Max Eigen Vector
=======================================
-0.14659490188690186,-0.11732625914251046,-0.21094690178024297,-0.2014317257219892,-0.13590521929203842,-0.20311897980781118,0.8986096355850817,0.08038752664014596,0.005397391948517109,-0.046405725220143225,0.01871773459711112,-0.006268553738087134,0.013439214310001397,-0.008106627581806749,-0.003053522194898425,0.0013224766660941264,0.005397391948517108,0.05588704467096048
=======================================
=======================================
