Edge Centrality
=======================================
Edge	Centrality
1-7	|42
2-7	|8
3-7	|38
4-7	|10
5-7	|36
6-7	|112
3-8	|8
4-8	|36
18-6	|286
10-18	|96
10-9	|30
11-18	|192
11-9	|38
11-12	|38
10-13	|36
11-13	|32
11-14	|72
11-15	|40
14-16	|44
10-17	|30
11-17	|38
2-3	|34
3-4	|34
2-6	|58
4-6	|114
4-5	|34
10-11	|10
12-13	|8
13-14	|12
=======================================
Most Central Edge : (18 , 6) 
=======================================



Laplacian matrix
=======================================
1,0,0,0,0,0,-1,0,0,0,0,0,0,0,0,0,0,0
0,3,-1,0,0,-1,-1,0,0,0,0,0,0,0,0,0,0,0
0,-1,4,-1,0,0,-1,-1,0,0,0,0,0,0,0,0,0,0
0,0,-1,5,-1,-1,-1,-1,0,0,0,0,0,0,0,0,0,0
0,0,0,-1,2,0,-1,0,0,0,0,0,0,0,0,0,0,0
0,-1,0,-1,0,4,-1,0,0,0,0,0,0,0,0,0,0,-1
-1,-1,-1,-1,-1,-1,6,0,0,0,0,0,0,0,0,0,0,0
0,0,-1,-1,0,0,0,2,0,0,0,0,0,0,0,0,0,0
0,0,0,0,0,0,0,0,2,-1,-1,0,0,0,0,0,0,0
0,0,0,0,0,0,0,0,-1,5,-1,0,-1,0,0,0,-1,-1
0,0,0,0,0,0,0,0,-1,-1,8,-1,-1,-1,-1,0,-1,-1
0,0,0,0,0,0,0,0,0,0,-1,2,-1,0,0,0,0,0
0,0,0,0,0,0,0,0,0,-1,-1,-1,4,-1,0,0,0,0
0,0,0,0,0,0,0,0,0,0,-1,0,-1,3,0,-1,0,0
0,0,0,0,0,0,0,0,0,0,-1,0,0,0,1,0,0,0
0,0,0,0,0,0,0,0,0,0,0,0,0,-1,0,1,0,0
0,0,0,0,0,0,0,0,0,-1,-1,0,0,0,0,0,2,0
0,0,0,0,0,-1,0,0,0,-1,-1,0,0,0,0,0,0,3



Normalized Laplacian matrix
=======================================
1,0,0,0,0,0,-0.4082482904638631,0,0,0,0,0,0,0,0,0,0,0
0,1,-0.2886751345948129,0,0,-0.2886751345948129,-0.23570226039551587,0,0,0,0,0,0,0,0,0,0,0
0,-0.2886751345948129,1,-0.22360679774997896,0,0,-0.20412414523193154,-0.35355339059327373,0,0,0,0,0,0,0,0,0,0
0,0,-0.22360679774997896,1,-0.31622776601683794,-0.22360679774997896,-0.18257418583505536,-0.31622776601683794,0,0,0,0,0,0,0,0,0,0
0,0,0,-0.31622776601683794,1,0,-0.2886751345948129,0,0,0,0,0,0,0,0,0,0,0
0,-0.2886751345948129,0,-0.22360679774997896,0,1,-0.20412414523193154,0,0,0,0,0,0,0,0,0,0,-0.2886751345948129
-0.4082482904638631,-0.23570226039551587,-0.20412414523193154,-0.18257418583505536,-0.2886751345948129,-0.20412414523193154,1,0,0,0,0,0,0,0,0,0,0,0
0,0,-0.35355339059327373,-0.31622776601683794,0,0,0,1,0,0,0,0,0,0,0,0,0,0
0,0,0,0,0,0,0,0,1,-0.31622776601683794,-0.25,0,0,0,0,0,0,0
0,0,0,0,0,0,0,0,-0.31622776601683794,1,-0.15811388300841897,0,-0.22360679774997896,0,0,0,-0.31622776601683794,-0.2581988897471611
0,0,0,0,0,0,0,0,-0.25,-0.15811388300841897,1,-0.25,-0.17677669529663687,-0.20412414523193154,-0.35355339059327373,0,-0.25,-0.20412414523193154
0,0,0,0,0,0,0,0,0,0,-0.25,1,-0.35355339059327373,0,0,0,0,0
0,0,0,0,0,0,0,0,0,-0.22360679774997896,-0.17677669529663687,-0.35355339059327373,1,-0.2886751345948129,0,0,0,0
0,0,0,0,0,0,0,0,0,0,-0.20412414523193154,0,-0.2886751345948129,1,0,-0.5773502691896258,0,0
0,0,0,0,0,0,0,0,0,0,-0.35355339059327373,0,0,0,1,0,0,0
0,0,0,0,0,0,0,0,0,0,0,0,0,-0.5773502691896258,0,1,0,0
0,0,0,0,0,0,0,0,0,-0.31622776601683794,-0.25,0,0,0,0,0,1,0
0,0,0,0,0,-0.2886751345948129,0,0,0,-0.2581988897471611,-0.20412414523193154,0,0,0,0,0,0,1
=======================================
No Complex Eigen Values found
=======================================
Eigen Values
=======================================
9.039111325037258,7.129883262627939,6.505667586096614,6.271414283319522,4.606284806455895,4.601945358036732,4.2655615472500275,2.9504796237255975,2.6013634148204337,1.9334074170466058,1.9952328210319128,1.7576440951166996,1.587602251142662,1.0362689580967224,0.9474644466214308,0.649139061157855,0.12152974241615133,-1.1324564576848698e-16
=======================================
Eigen Vectors
=======================================
0.0011501507794309212,0.14659519627173667,-0.007940852669674824,0.009441404421513125,-0.026006271478294946,-0.03667616507564398,0.021185827644332012,-0.011231690870900602,0.06432158795199741,-0.06359121960474187,-0.017006600223476075,0.17160180653268636,0.019954978916223564,0.08149404176966979,0.8856603741852129,0.05660691511576446,-0.29605519712244377,0.23570226039551528
-0.004524544271312078,0.11733392700962667,-0.21144050762450145,-0.11178023265931271,-0.3280362651082338,-0.3559587420948926,0.2892187994042808,0.11614146620943754,-0.46635568968841995,0.47720361906570097,0.12767619446258371,-0.07499723411199584,-0.046976278108128905,-0.008944478856675788,-0.10853797600626706,0.007564323305756249,-0.24646062098346777,0.23570226039551542
0.004120874157344614,0.2109364730331878,0.2885970515680385,0.23222372791025905,0.6398501540189278,0.24156527897298083,0.3180008536335058,0.06620145843491282,-0.19786302555785087,0.07688908834819301,0.02058073620828677,0.18775891777565648,0.02899102906486811,-0.041939703575199654,-0.1802073170785857,0.02179751068483177,-0.2704811560769871,0.23570226039551534
-0.00747069522049521,0.20145454487129066,-0.6301577714642417,-0.40499432342396446,0.17714422677476707,0.33871176397513075,-0.2940482508192024,-0.020931443493463677,0.05492223006798338,-0.09683060554230515,-0.025909095585389307,-0.029023215777100153,0.01703442221239859,-0.03388272147309381,-0.16250049818770182,0.016939301137727517,-0.26007582988829187,0.23570226039551528
0.0023748573471713283,0.13590051298762318,0.13026249356577846,0.10662700982920673,-0.10660440187523978,-0.18243604114625325,0.16035060879854354,-0.0010268605045325745,0.0799513749166276,-0.5284946599161557,-0.14143244365453841,-0.656046897929187,0.0128720578178587,-0.038106414508573085,-0.11017028118247502,0.027242224171308692,-0.2769016507253718,0.23570226039551542
0.03244954219519313,0.20310415652195532,0.4083238745014085,0.18221772393864005,-0.2218552040523106,0.1821392561630169,-0.6147267179075162,-0.08234813012709324,0.11495662907177703,0.3752952359883383,0.10040638923387864,-0.15087312714505724,-0.08361450101002518,0.027216952886030998,-0.08910975684197533,-0.0238759938790308,-0.17887272581438074,0.23570226039551562
-0.00924618838627125,-0.8986112569900938,0.04376309987599826,-0.04980883816602154,0.09204704234518817,0.13086489946873245,-0.06917045813818834,0.021906075945229524,-0.10300204421088802,0.0590666324221952,0.01579788447894501,-0.13001850483272068,-0.011725678595897281,-0.0028542351368500214,0.04653799451972904,0.019861155382474644,-0.26007568527519004,0.23570226039551534
0.00047588678993291657,-0.08039027721554004,0.07585185609835092,0.04053601830820188,-0.3176332791571105,-0.22880321289460492,-0.01053614638217189,-0.04763290998400688,0.23769589680324388,-0.2801601661403276,-0.0749295441516019,0.655067786596236,0.11160533152726941,-0.07863721200339531,-0.3255935676592872,0.02867564729183864,-0.28244098293453906,0.23570226039551537
-0.11745340439208922,-0.005394251157364875,-0.08395768883971301,0.16131514919494738,0.042219691492424216,-0.07665151832543068,-0.1388677411535949,-0.07601688114015236,-0.25643853293303726,-0.3688077083223106,0.6333058180239282,0.08832632551537921,-0.3453727228582894,0.2291784554182729,-0.00799217069129618,-0.1987624142172692,0.20686879906048147,0.2357022603955162
-0.11069341642255737,0.04639033344196531,0.41297756006265,-0.6791407801590322,-0.14957361916508652,0.24416023459622851,0.28951109958279025,0.019440360809422096,0.11070883077532963,-0.010635533963293094,-0.0028447827849160897,0.018600298833013017,-0.1587277433054081,0.1893940464299651,-0.014503833381990636,-0.15266542792064797,0.18646788832584957,0.23570226039551623
0.937461005377931,-0.018716507894821773,-0.033893313704985044,-0.010318735683135103,0.03590290209478468,-0.04266564094175883,0.025129719813275678,0.05281655411962537,0.043505230826680584,-0.0026337213276625116,-0.0007045467728130082,0.002797945143492108,0.01629676447308605,0.031471429540441964,0.006118046230363999,-0.11583495355542381,0.20212899793135455,0.23570226039551623
-0.1171007572296364,0.006266629117291515,0.0515826204724281,-0.09081656000184114,0.12476030321890864,-0.1809783875191167,-0.11168485199467228,-0.416017791003638,-0.17161061438980157,0.0211392564115277,0.005653712764670757,-0.05020404294378201,0.7496331847925133,0.17226073818963622,0.0044807103158104235,-0.10536340154138171,0.22522627557192082,0.2357022603955164
-0.11317573891667035,-0.013431764514093794,-0.1989706113548172,0.398489278929642,-0.3696445220262422,0.5195168726015571,0.22796386177140615,0.3426028361274826,0.059702282102963126,0.004138332834959479,0.0011065694819308092,-0.014963781015442549,0.29285029917036526,0.13454210450269014,-0.0013822036508478938,-0.02649634997036902,0.2209518619568824,0.23570226039551634
-0.1393616841935424,0.00810401954163637,0.06986060798954985,-0.12584328890408608,0.23765225727033523,-0.3508448607903622,-0.26368004756708613,0.703328504910361,0.10089244582872897,0.0007008183492248033,0.00018729560392711679,-0.004748122579416717,0.09926920418843996,0.00562023904046572,-0.0002987346528792887,0.28507819887985286,0.2431320631284152,0.23570226039551626
-0.11661251691109203,0.0030532990254119293,0.006157829898553211,0.0019632728098122883,-0.00980159703916996,0.011716909283420463,-0.00769665635880889,-0.02707851207140489,-0.027167327460328575,0.0028357976596083525,0.000758573578660835,-0.0036926178945023923,-0.0277343433334862,-0.8673497216624876,0.11834684997750179,-0.33014491136483876,0.23009202211044907,0.23570226039551626
0.017335458926105718,-0.0013220032327045455,-0.012667390350237659,0.023860877637851947,-0.06463016040764652,0.09654549169256608,0.08073513221860056,-0.36059203638095927,-0.06300021095802572,-0.000754149934464129,-0.00020149649251606107,0.006266986337913208,-0.16893946068117222,-0.15497693040205676,-0.0053483621727845815,0.8125105057879123,0.27676755249190516,0.23570226039551626
-0.11745340439208941,-0.00539425115736488,-0.08395768883971304,0.1613151491949474,0.042219691492424674,-0.07665151832543152,-0.13886774115359554,-0.07601688114015519,-0.25643853293355556,-0.003281156035254316,-0.7328531536138523,0.08838786203510424,-0.3453727224787826,0.22917845541827345,-0.007992170691297144,-0.19876241421726945,0.20686879906048158,0.23570226039551626
-0.1422754252373525,-0.05587877965974076,-0.22439116918487048,0.15471314682237008,0.2019890516015752,-0.23355461964013766,0.2371827086081,-0.2035441198401662,0.675219469786577,0.33792013970676643,0.09040848944229331,-0.10424038454027372,-0.16004382179183393,0.126334954422885,-0.04750710303123139,-0.12436991509123677,0.0728595891829236,0.23570226039551612
=======================================
Min Eigen Value
=======================================
-1.1324564576848698e-16
=======================================
Min Eigen Vector
=======================================
0.23570226039551528,0.23570226039551542,0.23570226039551534,0.23570226039551528,0.23570226039551542,0.23570226039551562,0.23570226039551534,0.23570226039551537,0.2357022603955162,0.23570226039551623,0.23570226039551623,0.2357022603955164,0.23570226039551634,0.23570226039551626,0.23570226039551626,0.23570226039551626,0.23570226039551626,0.23570226039551612
=======================================
Second Min Eigen Value
=======================================
0.12152974241615133
=======================================
Second Min Eigen Vector
=======================================
-0.29605519712244377,-0.24646062098346777,-0.2704811560769871,-0.26007582988829187,-0.2769016507253718,-0.17887272581438074,-0.26007568527519004,-0.28244098293453906,0.20686879906048147,0.18646788832584957,0.20212899793135455,0.22522627557192082,0.2209518619568824,0.2431320631284152,0.23009202211044907,0.27676755249190516,0.20686879906048158,0.0728595891829236
=======================================



=======================================
Bonus 1
=======================================
Min Eigen Value
=======================================
-5.923534515183451e-16
=======================================
Min Eigen Vector
=======================================
0.23570226039551787,0.23570226039551695,0.23570226039551742,0.23570226039551717,0.23570226039551673,0.235702260395516,0.23570226039551728,0.23570226039551756,0.2357022603955147,0.2357022603955149,0.23570226039551492,0.2357022603955147,0.23570226039551495,0.23570226039551478,0.2357022603955149,0.23570226039551462,0.23570226039551492,0.23570226039551503
=======================================
Second Min Eigen Value
=======================================
0.12152974241615139
=======================================
Second Min Eigen Vector
=======================================
-0.296055197122442,-0.24646062098346566,-0.27048115607698475,-0.2600758298882897,-0.2769016507253694,-0.1788727258143792,-0.26007568527518826,-0.28244098293453673,0.20686879906048292,0.1864678883258513,0.202128997931356,0.22522627557192232,0.22095186195688427,0.24313206312841712,0.2300920221104508,0.2767675524919074,0.20686879906048328,0.07285958918292525
=======================================
=======================================



=======================================
Bonus 3
=======================================
=======================================
Max Eigen Value
=======================================
9.039111325037261
=======================================
Max Eigen Vector
=======================================
0.001150149852276629,-0.004524545013362299,0.004120872823200357,-0.0074706964944921475,0.0023748564876309958,0.032449540910563734,-0.00924618270292652,0.0004758872983546913,-0.11745340435795648,-0.11069341671603794,0.9374610054963097,-0.1171007572692803,-0.11317573883168089,-0.13936168424481005,-0.11661251693040418,0.017335458934469253,-0.11745340435795652,-0.14227542488389813
=======================================
Second Max Eigen Value
=======================================
7.129883263460047
=======================================
Second Max Eigen Vector
=======================================
0.1465949018869016,0.1173262591425106,0.21094690178024272,0.20143172572198953,0.13590521929203828,0.20311897980781063,-0.8986096355850817,-0.08038752664014599,-0.0053973919485162765,0.046405725220143544,-0.018717734597117265,0.00626855373808784,-0.01343921431000044,0.008106627581807604,0.003053522194899213,-0.0013224766660942244,-0.00539739194851624,-0.055887044670959354
=======================================
=======================================
